0 147 74 140 126 82 194 47 100 127 169 54 182 61 195 118 153 119 75 167 211 114 52 33 32 36 117 211 76 41 105 204
147 0 195 29 35 203 67 168 77 248 42 121 55 98 68 239 26 58 196 40 84 63 173 140 125 157 238 84 83 120 226 77
74 195 0 188 174 34 242 57 148 79 217 102 230 109 243 70 201 167 27 215 259 162 32 81 80 58 69 259 124 89 57 252
140 29 188 0 28 196 76 161 70 241 51 114 64 91 77 232 35 51 189 49 93 56 166 133 118 150 231 93 76 113 219 86
126 35 174 28 0 182 82 147 56 227 57 100 70 77 83 218 41 37 175 55 99 42 152 119 104 136 217 99 62 99 205 92
82 203 34 196 182 0 250 65 156 55 225 110 238 117 251 46 209 175 21 223 267 170 40 89 88 66 45 267 132 97 33 260
194 67 242 76 82 250 0 215 124 295 35 168 36 145 25 286 53 105 243 57 31 110 220 187 172 204 285 31 130 167 273 24
47 168 57 161 147 65 215 0 121 110 190 75 203 82 216 101 174 140 58 188 232 135 35 54 53 31 100 232 97 62 88 225
100 77 148 70 56 156 124 121 0 201 99 74 112 51 125 192 83 49 149 97 141 44 126 93 78 110 191 141 36 73 179 134
127 248 79 241 227 55 295 110 201 0 270 155 283 162 296 39 254 220 66 268 312 215 85 134 133 111 20 312 177 142 50 305
169 42 217 51 57 225 35 190 99 270 0 143 23 120 36 261 28 80 218 32 52 85 195 162 147 179 260 52 105 142 248 45
54 121 102 114 100 110 168 75 74 155 143 0 156 35 169 146 127 93 103 141 185 88 80 47 32 64 145 185 50 27 133 178
182 55 230 64 70 238 36 203 112 283 23 156 0 133 37 274 41 93 231 45 53 98 208 175 160 192 273 53 118 155 261 46
61 98 109 91 77 117 145 82 51 162 120 35 133 0 146 153 104 70 110 118 162 65 87 54 39 71 152 162 27 34 140 155
195 68 243 77 83 251 25 216 125 296 36 169 37 146 0 287 54 106 244 58 42 111 221 188 173 205 286 42 131 168 274 35
118 239 70 232 218 46 286 101 192 39 261 146 274 153 287 0 245 211 57 259 303 206 76 125 124 102 29 303 168 133 41 296
153 26 201 35 41 209 53 174 83 254 28 127 41 104 54 245 0 64 202 26 70 69 179 146 131 163 244 70 89 126 232 63
119 58 167 51 37 175 105 140 49 220 80 93 93 70 106 211 64 0 168 78 122 35 145 112 97 129 210 122 55 92 198 115
75 196 27 189 175 21 243 58 149 66 218 103 231 110 244 57 202 168 0 216 260 163 33 82 81 59 56 260 125 90 44 253
167 40 215 49 55 223 57 188 97 268 32 141 45 118 58 259 26 78 216 0 74 83 193 160 145 177 258 74 103 140 246 67
211 84 259 93 99 267 31 232 141 312 52 185 53 162 42 303 70 122 260 74 0 127 237 204 189 221 302 12 147 184 290 25
114 63 162 56 42 170 110 135 44 215 85 88 98 65 111 206 69 35 163 83 127 0 140 107 92 124 205 127 50 87 193 120
52 173 32 166 152 40 220 35 126 85 195 80 208 87 221 76 179 145 33 193 237 140 0 59 58 36 75 237 102 67 63 230
33 140 81 133 119 89 187 54 93 134 162 47 175 54 188 125 146 112 82 160 204 107 59 0 25 43 124 204 69 34 112 197
32 125 80 118 104 88 172 53 78 133 147 32 160 39 173 124 131 97 81 145 189 92 58 25 0 42 123 189 54 19 111 182
36 157 58 150 136 66 204 31 110 111 179 64 192 71 205 102 163 129 59 177 221 124 36 43 42 0 101 221 86 51 89 214
117 238 69 231 217 45 285 100 191 20 260 145 273 152 286 29 244 210 56 258 302 205 75 124 123 101 0 302 167 132 40 295
211 84 259 93 99 267 31 232 141 312 52 185 53 162 42 303 70 122 260 74 12 127 237 204 189 221 302 0 147 184 290 25
76 83 124 76 62 132 130 97 36 177 105 50 118 27 131 168 89 55 125 103 147 50 102 69 54 86 167 147 0 49 155 140
41 120 89 113 99 97 167 62 73 142 142 27 155 34 168 133 126 92 90 140 184 87 67 34 19 51 132 184 49 0 120 177
105 226 57 219 205 33 273 88 179 50 248 133 261 140 274 41 232 198 44 246 290 193 63 112 111 89 40 290 155 120 0 283
204 77 252 86 92 260 24 225 134 305 45 178 46 155 35 296 63 115 253 67 25 120 230 197 182 214 295 25 140 177 283 0
